0.991951
0.013251
0.091030
0.999802
0.999605
0.000015
0.994484
0.999977
0.129558
0.998426
0.999914
0.435622
0.126757
0.916384
0.996493
0.999965
0.999999
0.955717
0.054777
0.572862
0.999823
0.846111
0.063207
0.000370
0.997334
0.999918
0.001707
0.993679
0.999121
0.992543
0.990389
0.999896
0.980079
0.003964
0.999985
0.999999
0.157320
0.828204
0.920090
0.989953
0.999523
0.999998
0.081278
0.854337
0.094449
0.999989
0.976699
0.835658
1.000000
0.999786
0.337355
0.997435
0.440166
0.997017
0.093085
0.389277
0.111774
0.996474
0.935428
0.080235
0.851908
0.790120
0.990152
0.998374
0.999990
0.108967
0.923819
0.115438
0.084900
0.843304
0.950809
0.999996
0.014835
0.191316
0.094345
0.999849
0.143188
0.999768
0.984665
0.493269
0.386104
0.969611
0.979014
0.126824
0.012730
0.999721
0.019036
1
0.999719
0.015880
0.468295
0.978975
0.188678
0.005177
0.999982
0.999088
0.019343
0.984769
0.437766
0.999981
0.999694
0.999997
0.999589
0.004486
0.512583
0.999812
0.947310
0.706392
0.260702
1
0.996741
0.000365
0.820539
0.058113
0.943761
0.041074
0.997945
0.330729
0.060574
0.999911
0.250703
0.984765
0.916127
0.954191
0.407725
0.203849
0.031371
0.150078
0.993761
0.635989
0.942131
0.961832
0.084432
0.000000
0.999848
0.441249
0.678771
0.812661
0.998344
0.873346
0.940589
0.543831
0.987645
0.999985
0.001560
0.207492
0.975609
0.999931
0.999953
0.991456
0.036338
0.959667
0.044465
0.997829
0.945107
0.998630
0.000172
0.999412
0.999293
0.999846
0.999782
0.995349
0.017837
0.999806
0.048725
0.125548
0.164392
0.070263
0.999969
0.999936
0.999857
0.985380
0.242043
0.997468
0.994901
0.811124
0.860603
0.999628
0.883137
0.952030
0.534907
0.000000
0.846202
0.822647
0.995108
0.852030
0.998251
1.000000
0.999791
0.991920
0.044921
0.014230
0.083226
0.660710
0.536635
0.854805
0.999865
0.955389
0.032763
0.996446
0.032944
0.998986
0.985710
1.000000
0.986185
0.999642
0.989809
0.213078
0.991740
0.037022
1
0.122448
0.922563
0.999996
0.883277
0.039796
0.998948
0.903708
0.999899
0.973057
0.990454
0.995790
0.452362
0.746115
0.877225
0.618594
0.998702
0.780484
0.270613
0.257357
0.047245
0.999934
0.001360
0.430037
0.873093
0.831884
0.820920
0.979043
0.062431
0.910062
0.047497
0.961922
0.037601
0.921652
0.999997
0.722520
0.435793
0.999801
0.001950
0.999498
0.999871
0.093655
0.998273
0.946921
0.944387
0.990677
0.991270
0.318442
0.999961
0.999851
0.933909
0.999364
0.990988
0.999985
0.999664
0.314507
0.999472
0.751070
0.997735
0.989531
0.230747
0.998770
0.064745
0.992502
0.999995
0.999994
0.875739
0.815176
0.721266
0.999966
0.832361
0.999998
0.976396
0.999873
0.999991
0.134739
0.130544
0.073452
0.304468
0.999871
0.228385
0.818406
0.999205
0.884236
0.776034
0.487020
0.999895
1.000000
0.999829
0.979117
0.994369
0.661344
0.999140
0.078071
0.999962
0.001685
0.999958
0.999996
0.037293
0.999642
0.094288
0.997791
0.978945
0.986279
0.962837
0.996039
0.995965
0.998525
0.593708
0.079689
0.994552
0.105882
0.998689
0.999997
0.154220
0.999969
0.485517
0.999998
0.990659
0.443291
0.854033
0.237545
0.084678
0.970618
0.000379
0.188678
0.995317
0.999976
0.968804
0.999273
0.084518
0.259397
0.914418
0.131806
0.999693
0.081832
0.415360
0.950558
0.001270
0.012794
0.630408
0.969524
1.000000
0.999966
0.952134
0.988557
0.994852
0.994320
0.409770
0.406700
0.999658
0.999969
0.839071
0.936656
0.000000
0.436438
0.999868
0.961865
0.002126
0.999995
0.044720
0.927663
0.999690
0.973240
0.815955
0.989764
0.999991
0.998879
0.999934
0.999849
0.623598
0.998640
0.955757
0.983421
0.199597
0.002031
0.722129
0.950453
0.147984
0.705799
0.991807
0.000000
0.732612
0.556894
0.999994
0.998254
0.997820
0.144749
0.999974
0.400194
0.996577
0.999826
0.999860
0.998634
0.999812
0.910412
0.999463
0.938781
0.999774
0.989610
0.276903
0.905985
0.994559
0.999535
0.971136
0.138850
0.999883
0.957932
0.886381
0.021481
0.973778
0.017565
0.105074
0.999398
0.998984
0.999839
0.835044
0.151855
0.999937
0.999890
0.999921
0.927322
0.958133
1.000000
0.999951
0.966465
0.999956
0.992074
0.974432
0.994830
0.471020
0.952134
0.145065
0.326236
0.999525
0.972154
0.999997
0.018122
0.999963
0.998951
0.997833
0.893004
0.999953
0.990553
0.997122
0.930098
0.999463
0.909279
0.984670
0.801219
0.029484
0.194762
0.118016
0.957254
0.986067
0.909829
0.856982
0.115922
0.823673
0.297769
1.000000
0.153586
0.214437
0.995191
0.874436
0.494196
0.462263
0.000310
0.999863
0.922550
0.994566
0.970698
0.998789
0.997075
0.925161
0.999807
0.999983
0.000000
0.991456
0.068611
0.460649
0.973543
0.999156
0.951122
0.382366
0.768246
1
0.721633
0.999783
0.989977
0.997805
0.997964
0.163601
0.810950
0.438370
0.959529
0.401443
1.000000
0.992271
0.999808
0.999989
0.999134
0.905602
0.992917
0.999928
0.350990
0.998876
0.543831
0.740153
0.999182
0.159186
0.999998
0.767538
0.983584
0.844319
0.999875
0.032189
0.584305
0.895884
0.996917
0.060685
0.000432
1
0.159184
0.994593
0.101566
0.420271
0.995770
0.968913
0.985300
0.999034
0.033823
0.032894
0.998686
0.999687
0.402689
0.967997
0.700288
0.038882
0.999987
0.058030
0.950735
0.849101
0.897181
0.751506
0.155154
0.039929
0.958726
0.999800
0.999996
0.999327
0.999821
0.031726
0.439436
0.991735
0.999998
0.105465
0.524846
0.005802
0.952746
0.016750
0.993959
0.999893
0.169688
0.999882
0.077168
0.986577
0.999956
0.998169
0.311561
0.928889
0.925828
0.919611
0.258305
0.999996
0.987137
0.999976
0.999812
0.963730
0.998755
0.625696
1.000000
0.703151
0.013815
0.841713
0.002831
1.000000
0.831232
0.999633
0.997350
0.995128
0.838530
0.360719
0.005443
0.166937
0.918111
0.999875
0.996440
0.863513
0.985466
0.972781
0.915503
0.814318
0.999437
0.994586
1
0.546458
0.002471
0.966996
0.815164
0.892461
0.928911
0.802352
0.042058
0.756165
0.999970
0.022651
0.002365
0.028385
0.035860
0.985366
0.011107
0.648198
0.136321
0.012175
0.999643
0.143152
0.857888
0.445197
0.972733
0.496428
0.999742
0.691599
0.000000
0.999991
0.535652
0.819953
0.462345
0.999951
0.998531
0.986669
0.983213
0.998956
0.824953
0.131156
0.720911
0.999211
0.958612
0.962963
0.999887
0.995072
0.507192
0.999992
0.223388
0.999673
0.779790
0.198507
0.999663
0.989582
0.521975
0.997150
0.918736
0.914254
0.999989
0.999271
0.078975
0.753748
0.023396
0.996347
0.999871
0.003646
0.795478
0.999646
0.999652
0.933543
0.999523
0.987861
0.895856
0.038555
0.999838
0.704671
0.054470
0.890833
0.999338
0.843401
0.000352
0.389907
0.879757
0.999831
0.999906
0.052612
0.999912
0.997375
0.000000
0.930694
0.999981
0.465543
0.979452
0.571701
0.955564
0.095556
0.992682
0.946178
0.867947
0.990829
0.999998
0.957735
0.198348
0.999006
0.999999
0.800110
0.057386
0.006899
0.972156
0.771944
0.223706
0.031519
0.945989
0.994941
0.046205
0.188348
0.188097
0.757578
0.999946
0.701067
0.799488
0.709046
0.934613
0.955134
0.999986
0.999629
0.999977
0.039466
0.933154
0.999710
0.482443
0.010557
0.989285
0.054212
1
0.949502
0.997538
0.939017
1
0.999997
0.999723
0.748916
0.329644
0.265970
0.794456
0.098508
0.727540
0.999935
0.149681
0.973062
0.998667
0.039929
0.310593
0.999623
0.909800
0.930766
0.895692
0.000000
0.999490
0.061507
0.999977
0.955739
0.216656
0.971481
0.999623
0.070319
0.982972
0.998046
0.999901
0.445224
0.913984
0.112623
0.999898
0.000024
0.321921
0.491585
0.999737
0.999697
1
0.996471
0.880098
0.939503
0.903413
0.083590
0.985511
0.068305
0.990324
0.071338
0.000000
0.997416
0.329266
0.845935
0.998741
0.996627
0.967909
0.999556
0.198080
0.922114
0.997947
0.103685
0.939448
0.998492
0.606008
0.994113
0.714948
0.990638
1.000000
0.870531
0.784469
1.000000
0.839834
0.995693
0.701067
0.999726
0.510525
0.997046
0.999998
0.054488
0.186313
0.999998
0.946472
0.146950
0.987555
0.999646
0.977532
0.029325
0.992979
0.001358
0.999619
0.864501
0.917984
0.000000
0.670959
0.042398
0.339165
0.983420
0.999931
0.994850
0.924793
0.999999
0.022723
0.995321
0.999369
0.999963
0.999930
0.154858
0.137265
1
0.498610
0.001064
0.959387
0.781958
0.956235
0.734644
0.750899
0.042111
0.000000
0.996151
0.997967
0.613259
0.997947
0.998919
0.999892
0.730301
0.997505
0.122330
0.522676
0.449817
0.960831
0.902935
0.805279
0.999846
0.999742
0.999738
0.785047
0.999019
0.992784
0.915216
0.016318
0.384693
0.972530
0.999894
0.958954
0.000000
0.410575
0.242323
0.996613
0.979696
0.999982
0.913133
0.964157
0.530945
0.998871
0.845346
0.875860
0.995062
0.130974
0.042626
0.997394
0.059001
0.056149
0.344588
0.000002
0.904872
0.999939
0.999910
0.018457
0.031278
0.877727
0.160429
0.996187
0.999879
0.825642
0.985064
0.999642
0.831232
0.999958
0.000000
0.959264
0.307270
0.013158
0.999964
0.000018
0.869195
0.995671
0.876335
0.999989
0.981946
0.999515
0.996860
0.961685
0.845825
0.999806
0.981275
0.803421
0.096701
0.172219
0.997957
0.999482
0.999950
0.587980
0.999374
0.999995
0.993696
0.991853
0.035074
0.123684
0.526646
0.998856
0.999012
0.986788
0.999995
0.999581
0.140673
0.046798
0.822007
0.999961
0.035278
0.447993
0.380306
0.943368
0.193006
0.083223
0.999239
0.999337
0.999807
0.114169
0.025029
0.910587
0.999962
0.002608
0.993140
0.966883
0.102343
0.999938
0.011219
0.998388
0.817785
0.000985
1
0.100492
0.442039
0.584068
0.996774
1
0.999538
1
0.978955
0.850705
0.998628
0.786054
0.336360
0.953392
0.434015
1.000000
0.999993
0.001972
0.982134
0.995412
0.997175
0.999857
0.939495
0.997729
0.985767
0.999706
0.978492
0.999403
0.997714
0.658581
0.282642
0.000179
0.036766
0.329715
0.999996
0.000000
0.963724
0.937902
0.000000
0.188922
0.121136
0.999999
0.999626
0.998700
0.001688
0.998537
0.313347
0.872655
0.315640
0.278482
0.037417
0.168217
0.606008
0.545667
0.935520
0.990985
0.346714
0.991456
0.808494
0.999988
0.714319
0.038571
0.410352
0.452288
0.999204
0.999881
0.075099
0.003510
0.995331
0.999992
0.997931
0.998293
0.904282
0.129411
0.170975
0.079876
0.227233
0.990479
0.217462
0.997429
0.999132
0.000006
0.975110
0.102769
0.951337
0.899848
0.978845
0.970451
0.855770
1
0.999982
0.027101
0.846925
0.999164
0.991661
0.999079
0.093036
0.137685
0.472377
0.999533
0.000066
0.999509
0.274830
0.994051
0.999577
0.965813
0.858768
0.988464
0.340035
0.996066
0.999550
0.028066
0.999911
0.003782
1
0.999999
0.999926
0.999752
0.584715
0.962963
1
0.294581
0.999602
0.998898
0.999389
0.007119
0.999465
0.918164
0.985371
0.999762
0.001203
0.999926
0.999704
0.999283
0.837383
1.000000
0.836750
0.000000
1.000000
0.999822
0.908073
0.999802
0.993228
0.996335
0.981957
0.999124
0.977365
0.993208
0.954359
0.683193
1
0.999950
0.998975
0.009365
0.549843
0.000581
0.991874
0.120487
0.849426
0.095008
0.249272
0.863960
0.990461
0.999468
0.011827
0.877943
0.999901
0.999817
0.999821
0.999361
0.955079
0.998506
0.369486
0.006293
0.062431
0.168237
0.992143
0.021805
1
0.014779
0.860603
0.973564
0.893217
1
0.906936
0.898361
0.371007
0.964918
0.509921
0.206758
0.043987
0.588101
0.780728
1.000000
0.130388
0.780522
0.029523
0.998431
0.977502
0.110580
0.996572
0.998173
0.544067
0.956061
0.234478
0.998363
0.999809
0.999962
0.251403
0.852274
0.944372
0.999842
1
0.006779
0.999774
0.996053
0.920208
0.930120
0.999650
0.956495
0.999981
0.103358
0.040768
0.998290
0.929675
0.997097
0.961188
0.532923
0.230399
0.154925
0.993307
0.999997
0.974424
0.481706
0.992584
0.000000
0.000000
0.999770
0.089022
0.999048
0.999487
0.049774
0.948062
0.979417
0.999982
0.772916
0.038879
0.045250
0.950915
1.000000
0.999929
0.845346
0.998659
0.015675
0.998868
0.860603
0.999667
0.796056
0.000907
0.040751
0.999106
0.999851
0.135289
0.999972
0.443686
0.999772
0.999042
0.034693
0.001357
0.999966
0.080017
0.130627
0.998966
0.999918
0.816843
0.370256
0.876253
0.150743
0.787743
0.996625
0.978636
0.999525
0.978636
0.030317
0.078744
0.999993
0.999964
0.033409
0.998638
0.675069
0.999314
0.891981
0.994830
0.999600
0.998324
0.098377
0.016047
0.992653
0.999980
0.283109
0.010413
0.486672
0.013903
0.999389
0.996054
0.000000
0.999993
0.100905
0.999074
0.789682
1
0.309555
0.992981
0.280034
0.045576
0.842435
1
0.997604
0.237483
0.993948
0.999891
0.999924
0.013671
0.999416
0.102172
0.953071
0.989014
0.908073
0.784250
0.999786
0.988451
0.273379
0.959319
0.816375
0.999793
0.998838
0.999999
0.446651
0.999964
0.905351
0.998711
0.818256
0.992332
0.995286
0.994392
0.996446
0.997583
0.999937
0.978134
0.998662
0.997470
0.128250
0.999646
0.094345
0.447959
0.435013
0.861580
0.999988
0.990729
0.995611
0.303856
0.556221
0.326236
0.996614
0.978152
0.015695
0.065564
0.999998
0.997570
0.822647
0.816579
0.802216
0.924530
0.992671
0.999583
0.954562
0.000775
0.983280
0.999572
0.868644
0.998457
0.976485
0.240734
0.992598
0.954293
0.929768
0.782982
0.019244
0.261338
0.556581
1
0.095519
0.792646
0.997693
0.231707
0.958101
0.988314
0.991564
0.023513
0.032879
0.111637
0.975741
0.999997
0.024869
0.999958
0.423383
0.485689
0.972334
0.983662
0.994521
0.156077
0.974289
0.707931
0.996642
0.972435
0.909570
0.858039
0.994894
0.987645
0.123951
0.131975
0.999971
0.893535
0.447177
0.003375
0.135292
0.999885
0.000000
0.870232
0.999996
0.999847
0.120910
0.998911
0.998045
0.101526
0.999880
0.997115
0.086385
0.998582
0.680025
0.999975
0.999102
0.969557
0.842280
0.933499
0.999902
0.553923
0.106051
0.175028
0.999952
0.935706
0.210456
0.160394
0.999588
0.986994
0.309127
0.726050
0.995595
0.109144
0.745321
0.108238
0.370205
0.902568
0.899332
0.815955
0.954112
0.894120
0.315827
0.999688
0.024477
0.863279
0.863513
0.958966
0.996133
0.998627
0.999993
0.990803
0.070146
0.999776
0.963681
0.150182
0.458923
0.940272
0.777604
0.999950
0.999022
0.830079
0.030938
0.998740
0.999999
0.786854
0.006234
0.957137
0.979091
0.943800
0.000000
0.998694
0.795026
0.994653
0.119778
0.040298
0.999999
0.927533
0.999955
0.111219
0.999230
0.943064
0.999071
0.924793
0.963311
0.952538
0.071339
0.999462
0.039963
0.090859
0.991199
0.991028
0.995038
0.605179
0.192472
0.417999
0.997956
0.998505
0.999210
0.945989
0.996845
0.999986
0.015354
0.845296
0.961427
0.984045
0.893257
0.240160
0.999034
0.445305
0.945639
0.999345
0.477560
0.002484
1.000000
0.997315
0.782919
0.832671
0.999626
0.312392
0.863585
0.923003
0.999764
0.999938
0.779409
0.969611
0.990928
0.000084
0.998728
0.996664
0.086972
0.943416
0.679886
0.993152
0.000016
0.998726
0.011612
0.652636
0.999495
0.939017
0.999244
0.999997
0.999973
0.490234
0.057529
1.000000
0.286918
0.999371
0.228254
0.938286
0.999963
0.999835
0.842112
0.617691
0.999895
0.986553
0.791167
0.136615
0.921701
0.999982
0.973762
0.999869
0.999956
0.446571
0.200753
0.999538
0.128629
0.448248
0.969347
0.821954
0.929192
0.999255
0.999676
0.853254
0.912749
0.958954
0.998736
0.153289
0.446299
0.003820
0.974695
0.998372
0.840497
0.999969
0.960766
0.046994
0.825081
0.238031
0.398448
0.999979
0.966714
0.931817
0.741990
0.399814
0.999852
0.999938
0.987972
0.842280
0.159603
0.087394
0.163755
0.990987
0.944544
0.999916
0.283620
1
0.999851
0.958652
0.999954
0.864501
0.307011
0.606972
0.989961
0.178863
0.032968
0.998261
0.995199
0.496616
0.999203
0.950915
0.012830
0.992796
0.634658
0.005320
0.998091
0.997092
0.819810
0.250280
0.034569
0.957392
0.012965
0.995993
0.999990
0.389164
0.985064
0.849101
0.253139
0.125699
0.997473
0.795026
0.756165
0.821265
0.918592
0.066523
0.998617
0.018088
0.999481
0.999965
0.010792
0.014797
0.988388
0.970797
0.874269
0.999924
1
0.986205
0.042105
0.034674
0.840408
0.999982
0.995179
0.015479
0.988566
0.999920
0.904592
0.999573
0.201553
0.240484
0.174350
0.920104
0.133435
0.082864
0.999730
0.994473
0.062842
0.999816
0.062263
0.992735
0.985681
0.944240
0.151669
0.055198
0.994596
0.999743
0.999896
0.661764
0.997112
0.691462
0.127448
0.991729
0.999878
0.982650
0.830584
0.991621
0.999004
0.999484
0.958244
0.007265
0.628083
0.998364
0.997504
0.896665
0.999279
0.910960
0.988691
0.999968
1.000000
0.243209
0.170272
0.998948
0.103270
0.777227
0.999498
0.514679
0.965977
0.724513
0.994266
0.999695
0.545191
0.009788
0.999978
0.297769
0.169926
0.112044
0.647178
0.907816
0.235313
0.016115
0.991198
0.091492
0.997882
0.990928
0.999535
0.532675
0.987335
0.988826
0.086097
0.046837
0.157255
0.854382
0.981782
0.753748
0.999414
0.012327
0.890787
0.956202
0.999626
0.353866
0.972504
0.945639
0.833968
0.999077
0.921286
0.141325
0.771988
0.502627
0.067348
0.110667
0.999984
0.067751
0.685168
0.999385
0.018308
0.035853
0.834761
0.852806
0.999987
0.014539
0.999996
0.995186
0.922408
0.779919
0.985001
0.999686
0.723412
0.039453
0.999882
0.996863
0.999988
0.450583
0.000052
0.256862
0.999789
0.994499
0.999882
0.998715
0.118442
0.985195
0.750328
0.999761
0.997374
0.905067
0.507954
0.999906
0.999942
0.247744
0.190440
0.870252
0.152806
0.168237
0.956114
0.999057
0.790860
0.914596
0.544067
0.991829
0.825293
0.806921
