0.999962
0.988451
0.955359
0.999820
0.993785
0.006952
0.999763
0.999473
0.990947
0.999901
0.934214
0.515123
0.037151
0.000000
0.839016
0.006056
0.998084
0.997869
0.767359
0.850462
0.998937
0.869233
0.009112
0.002088
0.085161
0.994165
0.999993
0.430385
0.999997
0.999200
0.405512
0.000581
0.998945
0.022578
0.996115
0.999707
0.999894
0.705719
0.999957
0.773661
0.909782
0.727833
0.979523
0.992032
0.107731
0.346595
0.711011
1
0.999196
0.555332
0.871099
0.999678
0.999938
0.999907
0.999935
0.888081
0.995124
0.360742
0.900525
0.999208
0.112214
0.999393
0.992554
0.994846
0.840992
0.862685
0.994180
0.999838
0.000023
0.553576
0.999991
0.169104
0.928937
0.961221
0.994009
0.999711
0.962764
0.999933
0.999219
0.156971
0.872036
0.999984
0.934469
0.219558
0.948564
0.496428
0.909322
0.998259
0.999882
0.032003
0.917665
0.999819
0.002134
0.851570
0.901381
0.970183
0.428862
0.999996
0.891479
0.998161
0.868885
0.975722
0.007925
0.210080
0.171670
0.994375
0.036369
0.999467
0.884077
0.999902
0.999943
0.035071
0.991849
0.304627
0.999590
0.911218
0.999839
0.958323
0.008462
0.997997
0.982280
0.994559
0.062315
0.947048
0.966936
0.930149
0.999956
0.998166
0.101533
0.999068
0.529312
0.781270
1
1
0.037961
0.999782
0.999012
0.988958
0.016286
0.318710
0.997430
0.982977
0.110340
0.855898
0.905478
0.074570
0.877225
0.982413
0.999658
0.273276
0.097654
0.364465
0.995079
0.999718
0.999998
0.864077
0.915013
0.137279
0.083505
0.917392
0.408260
0.934270
0.992511
0.999885
0.994109
0.463984
0.000555
0.982984
0.928141
0.064939
0.839718
0.983155
0.999162
0.998734
0.936656
0.808003
0.999277
0.385327
0.998965
0.999975
0.575124
0.999989
0.989833
0.931572
0.970797
0.994637
0.412753
0.999208
0.934041
0.876446
0.954618
0.758849
0.998846
0.997897
0.946586
0.995275
0.996920
0.999723
0.980882
0.999636
0.010480
1.000000
0.978794
0.930627
0.000002
0.977257
0.259051
0.411662
0.389691
0.997095
0.955967
0.999861
0.999251
0.899848
0.983968
0.992752
0.133780
0.913743
0.999877
0.997695
0.999829
0.223905
0.998405
0.859186
0.999505
0.998172
0.109575
0.999222
0.482639
0.096664
0.996216
0.832478
0.997337
1
0.975697
0.988576
0.221070
0.447717
0.987313
0.067293
0.016800
0.249590
0.000816
0.039013
0.000002
0.178049
0.815322
0.999866
0.999490
0.533899
0.999724
0.000000
0.884947
0.001328
0.994200
0.995423
0.966484
0.484711
0.999944
0.242323
0.310277
0.017126
0.999279
0.999394
0.530101
0.999998
0.164079
0.177889
0.938286
1.000000
0.024808
0.961878
0.837785
0.876234
0.987082
0.999022
0.221000
0.213366
0.998113
0.439225
0.029181
0.923157
0.371007
0.824881
0.999738
0.999947
1.000000
0.999974
0.456293
0.996983
0.981609
0.987810
0.998412
0.501352
0.874290
0.149844
0.999999
0.970865
0.782486
0.818256
0.990768
0.999932
0.874773
0.082094
0.988129
0.869232
0.012378
0.845922
0.249425
0.032524
0.451627
0.020845
0.847610
0.999163
0.956825
0.999264
1.000000
0.897090
0.999265
0.999955
0.999846
0.909219
0.999911
0.992499
0.143188
0.999216
0.963514
0.999935
0.683042
0.066427
0.461355
0.994633
0.848114
0.999943
0.021550
0.913609
0.999818
1.000000
0.454954
0.948779
0.997748
0.922008
0.999939
0.999967
0.999690
0.884077
0.999913
0.996657
0.402238
0.954470
0.999989
0.999860
0.998173
0.999565
0.169311
0.992977
0.999595
0.971257
0.561180
0.146720
0.999517
0.871765
0.038998
0.999945
0.999808
0.094681
1.000000
0.999623
0.937017
0.991874
0.925767
0.999998
0.990677
0.940753
0.526627
0.832413
0.999692
0.997689
0.547441
0.359739
0.835421
0.787743
0.155059
0.795478
0.215294
0.147442
0.419225
0.048405
0.994378
0.998273
0.032805
0.358287
0.998077
0.924085
0.086718
0.021481
0.061455
0.821282
0.000001
0.908003
0.999938
0.999590
0.998568
0.934627
0.667691
0.999806
0.999568
0.981999
0.572862
0.979899
0.835744
0.141916
0.584305
0.000000
0.999998
0.999231
0.262114
0.648055
0.969076
0.011935
0.625422
0.999784
0.999974
0.876335
0.966208
0.999632
0.999959
0.995377
0.999205
0.875175
0.040863
0.722649
0.000995
0.999907
0.995158
0.999986
0.999731
0.981543
0.923243
0.860216
0.019104
0.922435
0.865919
0.318001
0.877233
0.999985
0.416135
0.999996
0.976455
0.816778
0.537359
0.559762
0.036914
0.992026
0.989679
0.482639
0.999826
0.957195
0.992726
0.042040
0.006351
0.998931
0.999956
0.850234
0.994639
0.495724
0.167443
0.025550
0.963158
0.998686
0.948692
0.947258
0.999571
0.999595
0.979310
0.948850
0.003760
0.152419
0.318800
0.994153
0.171019
0.835644
0.455490
0.166004
0.944315
0.998426
0.841691
0.999348
0.227681
0.151865
0.808999
0.884515
0.910015
0.849183
0.999893
0.220022
0.917000
0.143409
0.987792
0.998531
